{
  "source": "E:\\desktop\\restpose_bvh.fbx",
  "bones": [
    {
      "name": "Hips",
      "parent": null,
      "local_matrix": [
        [
          1.0,
          -6.410653297160038e-24,
          1.4475708051332298e-24,
          0.0
        ],
        [
          1.447569621841872e-24,
          -1.6292077020807483e-07,
          -1.0,
          0.0
        ],
        [
          6.4106536915904906e-24,
          1.0,
          -2.384185791015625e-07,
          0.9239869713783264
        ],
        [
          0.0,
          0.0,
          0.0,
          1.0
        ]
      ]
    },
    {
      "name": "LeftUpLeg",
      "parent": "Hips",
      "local_matrix": [
        [
          1.0,
          3.8574608396402255e-08,
          -7.771917864829447e-08,
          0.07773487269878387
        ],
        [
          3.8574611949115933e-08,
          -1.0,
          1.1920928955078125e-07,
          -0.017608642578125
        ],
        [
          -7.771917154286712e-08,
          -1.5099570305210364e-07,
          -1.0,
          -1.4901171851988693e-08
        ],
        [
          0.0,
          0.0,
          0.0,
          1.0
        ]
      ]
    },
    {
      "name": "LeftLeg",
      "parent": "LeftUpLeg",
      "local_matrix": [
        [
          1.0,
          -1.8844044546995065e-08,
          6.974288879746382e-08,
          1.2611470090462262e-08
        ],
        [
          1.8844039217924546e-08,
          1.0,
          -3.0768228287040124e-16,
          0.38629454374313354
        ],
        [
          -6.974288879746382e-08,
          1.4964824046614922e-08,
          1.0,
          -1.3053426783926625e-08
        ],
        [
          0.0,
          0.0,
          0.0,
          1.0
        ]
      ]
    },
    {
      "name": "LeftFoot",
      "parent": "LeftLeg",
      "local_matrix": [
        [
          -1.0,
          -7.976284521760135e-09,
          1.5394802233004157e-07,
          2.8109681249333107e-09
        ],
        [
          -1.5394802233004157e-07,
          -3.5762786865234375e-07,
          -1.0,
          0.37761619687080383
        ],
        [
          7.976335147930058e-09,
          -1.0,
          3.288812990831502e-07,
          1.532107773982716e-14
        ],
        [
          0.0,
          0.0,
          0.0,
          1.0
        ]
      ]
    },
    {
      "name": "LeftToeBase",
      "parent": "LeftFoot",
      "local_matrix": [
        [
          1.0,
          -1.5368377753667735e-14,
          9.464055494845525e-08,
          1.9121625172147105e-08
        ],
        [
          1.5368377753667735e-14,
          1.0,
          0.0,
          0.009999964386224747
        ],
        [
          -9.464055494845525e-08,
          2.0627045082684694e-21,
          1.0,
          -9.387474619870773e-08
        ],
        [
          0.0,
          0.0,
          0.0,
          1.0
        ]
      ]
    },
    {
      "name": "LeftToe_End",
      "parent": "LeftToeBase",
      "local_matrix": [
        [
          1.0,
          1.794634624555872e-14,
          4.8428677956735555e-08,
          -1.8121576461638256e-09
        ],
        [
          -1.794634624555872e-14,
          1.0,
          -7.442701954545958e-22,
          0.15349489450454712
        ],
        [
          -4.8428677956735555e-08,
          -7.102608745958055e-22,
          1.0,
          -5.652813683809654e-08
        ],
        [
          0.0,
          0.0,
          0.0,
          1.0
        ]
      ]
    },
    {
      "name": "RightUpLeg",
      "parent": "Hips",
      "local_matrix": [
        [
          1.0,
          1.3501124840331613e-07,
          -1.2470617605231382e-07,
          -0.07773487269878387
        ],
        [
          1.3501120577075199e-07,
          -0.9999999403953552,
          -1.1920931797249068e-07,
          -0.017608642578125
        ],
        [
          -1.2470621868487797e-07,
          1.5099587358236022e-07,
          -0.9999999403953552,
          -1.55996637829503e-08
        ],
        [
          0.0,
          0.0,
          0.0,
          1.0
        ]
      ]
    },
    {
      "name": "RightLeg",
      "parent": "RightUpLeg",
      "local_matrix": [
        [
          1.0,
          3.102601286997242e-09,
          9.489818353358714e-08,
          -4.288591703982547e-09
        ],
        [
          -3.102609724692229e-09,
          1.0,
          -1.1129838438134372e-14,
          0.3862941861152649
        ],
        [
          -9.489820484986922e-08,
          5.6225046840552295e-09,
          1.0,
          1.7763568394002505e-15
        ],
        [
          0.0,
          0.0,
          0.0,
          1.0
        ]
      ]
    },
    {
      "name": "RightFoot",
      "parent": "RightLeg",
      "local_matrix": [
        [
          -1.0,
          -2.980796054430357e-08,
          1.4716293605943065e-07,
          -1.0125568827845655e-08
        ],
        [
          -1.4716292184857593e-07,
          -1.1920928955078125e-07,
          -1.0000001192092896,
          0.3776164650917053
        ],
        [
          2.980798186058564e-08,
          -1.0000001192092896,
          1.7547383990290655e-08,
          2.886579864025407e-15
        ],
        [
          0.0,
          0.0,
          0.0,
          1.0
        ]
      ]
    },
    {
      "name": "RightToeBase",
      "parent": "RightFoot",
      "local_matrix": [
        [
          1.0,
          3.8570990341544806e-14,
          1.0837754871317884e-07,
          1.2892046319379347e-09
        ],
        [
          -3.8570990341544806e-14,
          1.0,
          2.4106869386981977e-14,
          0.010000004433095455
        ],
        [
          -1.0837754871317884e-07,
          -2.4106869386981977e-14,
          1.0,
          -7.034300364416879e-10
        ],
        [
          0.0,
          0.0,
          0.0,
          1.0
        ]
      ]
    },
    {
      "name": "RightToe_End",
      "parent": "RightToeBase",
      "local_matrix": [
        [
          1.0,
          -2.0248681746083685e-14,
          8.940685347624822e-08,
          -3.6502832756468706e-08
        ],
        [
          2.0248678357951896e-14,
          1.0,
          -3.326802199064664e-14,
          0.15349455177783966
        ],
        [
          -8.940685347624822e-08,
          3.326802537877843e-14,
          1.0,
          -6.678452990627193e-08
        ],
        [
          0.0,
          0.0,
          0.0,
          1.0
        ]
      ]
    },
    {
      "name": "Spine",
      "parent": "Hips",
      "local_matrix": [
        [
          1.0,
          -1.1890718938867057e-23,
          8.995586006070555e-24,
          5.461412631172616e-24
        ],
        [
          1.1890716572284342e-23,
          1.0,
          1.1920928955078125e-07,
          0.1349967122077942
        ],
        [
          -8.99558679493146e-24,
          -2.980239344196889e-08,
          1.0,
          -1.8647089206069722e-08
        ],
        [
          0.0,
          0.0,
          0.0,
          1.0
        ]
      ]
    },
    {
      "name": "Spine1",
      "parent": "Spine",
      "local_matrix": [
        [
          1.0,
          -3.231218049565504e-24,
          1.0568894139747867e-24,
          -5.00128071477942e-24
        ],
        [
          3.231218641211183e-24,
          1.0,
          -1.1920928955078125e-07,
          0.11673402786254883
        ],
        [
          -1.0568887237214946e-24,
          1.341104365337742e-07,
          1.0,
          1.5616393511663773e-08
        ],
        [
          0.0,
          0.0,
          0.0,
          1.0
        ]
      ]
    },
    {
      "name": "Spine2",
      "parent": "Spine1",
      "local_matrix": [
        [
          1.0,
          -2.605351385151212e-29,
          3.450957709697717e-29,
          1.3800016858032055e-30
        ],
        [
          2.4079438667780742e-29,
          0.9999999403953552,
          1.1920927533992653e-07,
          0.19192099571228027
        ],
        [
          -3.3364265679502077e-29,
          -5.960468740795477e-08,
          0.9999999403953552,
          2.842170943040401e-14
        ],
        [
          0.0,
          0.0,
          0.0,
          1.0
        ]
      ]
    },
    {
      "name": "RightShoulder",
      "parent": "Spine2",
      "local_matrix": [
        [
          1.1920928955078125e-07,
          -1.0,
          -9.975256298061508e-15,
          -0.02821781486272812
        ],
        [
          1.2916970604237576e-08,
          -9.000052866327529e-15,
          1.0000001192092896,
          0.053969383239746094
        ],
        [
          -1.0000001192092896,
          -7.549791547489804e-08,
          -7.549785152605182e-08,
          -9.31321153530007e-09
        ],
        [
          0.0,
          0.0,
          0.0,
          1.0
        ]
      ]
    },
    {
      "name": "RightArm",
      "parent": "RightShoulder",
      "local_matrix": [
        [
          1.0,
          2.235172757991677e-08,
          -1.2566773932576325e-07,
          -1.7763568394002505e-15
        ],
        [
          1.488868960942547e-21,
          1.0,
          2.6903121657512186e-16,
          0.17358916997909546
        ],
        [
          1.2566773932576325e-07,
          -2.953249827303793e-15,
          1.0,
          1.176836406102666e-14
        ],
        [
          0.0,
          0.0,
          0.0,
          1.0
        ]
      ]
    },
    {
      "name": "RightForeArm",
      "parent": "RightArm",
      "local_matrix": [
        [
          1.0,
          7.450616124060616e-09,
          -3.585594754440535e-08,
          2.735879434112576e-07
        ],
        [
          1.6169511943046169e-21,
          1.0,
          1.422000605916414e-15,
          0.2855249047279358
        ],
        [
          3.585594754440535e-08,
          -1.920723440864379e-15,
          1.0,
          -3.576279254957626e-07
        ],
        [
          0.0,
          0.0,
          0.0,
          1.0
        ]
      ]
    },
    {
      "name": "RightHand",
      "parent": "RightForeArm",
      "local_matrix": [
        [
          1.0,
          2.235154994423283e-08,
          2.7474015951156616e-08,
          2.1316282072803006e-14
        ],
        [
          1.0871661447972152e-21,
          1.0,
          6.331581445121262e-15,
          0.26062914729118347
        ],
        [
          -2.7474015951156616e-08,
          -6.56353294739738e-15,
          1.0,
          -5.1514348342607263e-14
        ],
        [
          0.0,
          0.0,
          0.0,
          1.0
        ]
      ]
    },
    {
      "name": "RightHandPinky1",
      "parent": "RightHand",
      "local_matrix": [
        [
          1.0,
          -5.8624280541152984e-08,
          2.2351770212480915e-08,
          -0.019999917596578598
        ],
        [
          -5.479197121627589e-22,
          1.0,
          -1.448272010401864e-14,
          0.0639486312866211
        ],
        [
          -2.2351770212480915e-08,
          1.560437129716815e-14,
          1.0,
          5.323454121963778e-09
        ],
        [
          0.0,
          0.0,
          0.0,
          1.0
        ]
      ]
    },
    {
      "name": "RightHandPinky2",
      "parent": "RightHandPinky1",
      "local_matrix": [
        [
          1.0,
          3.6063241282136005e-08,
          1.834705898318134e-07,
          -5.214854681412362e-08
        ],
        [
          7.384578178178295e-22,
          1.0,
          1.1383424855949259e-14,
          0.026984093710780144
        ],
        [
          -1.834705898318134e-07,
          -8.79308968302836e-15,
          1.0,
          4.8764254856337175e-09
        ],
        [
          0.0,
          0.0,
          0.0,
          1.0
        ]
      ]
    },
    {
      "name": "RightHandPinky3",
      "parent": "RightHandPinky2",
      "local_matrix": [
        [
          1.0,
          1.171646459852127e-07,
          -4.656683927350969e-10,
          -4.982467771696975e-10
        ],
        [
          -1.1920928955078125e-07,
          1.0,
          7.119289898815766e-15,
          0.017724154517054558
        ],
        [
          4.656683927350969e-10,
          -7.071305058837336e-15,
          1.0,
          1.207058897279012e-09
        ],
        [
          0.0,
          0.0,
          0.0,
          1.0
        ]
      ]
    },
    {
      "name": "RightHandPinky4",
      "parent": "RightHandPinky3",
      "local_matrix": [
        [
          1.0,
          -1.1112813780300712e-07,
          7.107455985533306e-06,
          3.8125591572679696e-10
        ],
        [
          1.1920975850898685e-07,
          1.0,
          7.1121739892987534e-06,
          0.0167612973600626
        ],
        [
          -7.107456895028008e-06,
          -7.112173079804052e-06,
          1.0,
          1.2163783313923204e-09
        ],
        [
          0.0,
          0.0,
          0.0,
          1.0
        ]
      ]
    },
    {
      "name": "RightHandRing1",
      "parent": "RightHand",
      "local_matrix": [
        [
          1.0,
          -4.794136287955553e-08,
          -5.587932605521928e-08,
          -0.009999933652579784
        ],
        [
          -7.237199775985795e-22,
          1.0,
          -1.4968003914225467e-14,
          0.06894862651824951
        ],
        [
          5.587932605521928e-08,
          1.2760835953456312e-14,
          1.0,
          2.661699305406273e-09
        ],
        [
          0.0,
          0.0,
          0.0,
          1.0
        ]
      ]
    },
    {
      "name": "RightHandRing2",
      "parent": "RightHandRing1",
      "local_matrix": [
        [
          1.0,
          1.909771327746057e-07,
          -4.877974333794555e-06,
          -2.9815794277965324e-10
        ],
        [
          -1.192105401059962e-07,
          1.0,
          -4.949685717292596e-06,
          0.03505146503448486
        ],
        [
          4.877973424299853e-06,
          4.9496866267872974e-06,
          1.0,
          3.220467226228152e-09
        ],
        [
          0.0,
          0.0,
          0.0,
          1.0
        ]
      ]
    },
    {
      "name": "RightHandRing3",
      "parent": "RightHandRing2",
      "local_matrix": [
        [
          1.0,
          -1.2053210696194583e-07,
          1.1399398317735177e-05,
          -1.0595613275654614e-10
        ],
        [
          1.1915545883312006e-07,
          1.0,
          1.1358773008396383e-05,
          0.02408421039581299
        ],
        [
          -1.1399399227229878e-05,
          -1.135877118940698e-05,
          1.0,
          7.3841839309807256e-09
        ],
        [
          0.0,
          0.0,
          0.0,
          1.0
        ]
      ]
    },
    {
      "name": "RightHandRing4",
      "parent": "RightHandRing3",
      "local_matrix": [
        [
          1.0,
          -7.994888084894569e-11,
          -1.2833049368055072e-05,
          -2.787601260934025e-10
        ],
        [
          -8.502759607509347e-11,
          1.0,
          -1.2818150025850628e-05,
          0.01860005408525467
        ],
        [
          1.2833050277549773e-05,
          1.281815093534533e-05,
          1.0,
          6.902975968614555e-08
        ],
        [
          0.0,
          0.0,
          0.0,
          1.0
        ]
      ]
    },
    {
      "name": "RightHandMiddle1",
      "parent": "RightHand",
      "local_matrix": [
        [
          1.0,
          5.960460214282648e-08,
          -2.2351713369062054e-08,
          9.345255591597379e-08
        ],
        [
          -1.1920928955078125e-07,
          1.0,
          1.7386282978636494e-14,
          0.06894850730895996
        ],
        [
          2.2351713369062054e-08,
          -1.5865313349096993e-14,
          1.0,
          -1.1920936060505483e-07
        ],
        [
          0.0,
          0.0,
          0.0,
          1.0
        ]
      ]
    },
    {
      "name": "RightHandMiddle2",
      "parent": "RightHandMiddle1",
      "local_matrix": [
        [
          1.0,
          -6.891818316034914e-08,
          5.008167136111297e-06,
          0.0
        ],
        [
          1.192110232750565e-07,
          1.0,
          5.064048309577629e-06,
          0.03915762901306152
        ],
        [
          -5.008167590858648e-06,
          -5.064047400082927e-06,
          1.0,
          -5.88418203051333e-14
        ],
        [
          0.0,
          0.0,
          0.0,
          1.0
        ]
      ]
    },
    {
      "name": "RightHandMiddle3",
      "parent": "RightHandMiddle2",
      "local_matrix": [
        [
          1.0,
          4.235356243498245e-08,
          -4.997923042537877e-06,
          -8.526512829121202e-14
        ],
        [
          -2.705272637848477e-11,
          1.0,
          -5.064047400082927e-06,
          0.023540331050753593
        ],
        [
          4.997923042537877e-06,
          5.064047854830278e-06,
          1.0,
          4.36315552576616e-08
        ],
        [
          0.0,
          0.0,
          0.0,
          1.0
        ]
      ]
    },
    {
      "name": "RightHandMiddle4",
      "parent": "RightHandMiddle3",
      "local_matrix": [
        [
          1.0,
          -7.219327358143346e-09,
          -7.866816531532095e-08,
          -1.4210854715202004e-14
        ],
        [
          -4.12312174905213e-21,
          1.0,
          6.88397228760726e-16,
          0.019424617290496826
        ],
        [
          7.866816531532095e-08,
          2.0090198493520617e-15,
          1.0,
          -6.261657858885883e-14
        ],
        [
          0.0,
          0.0,
          0.0,
          1.0
        ]
      ]
    },
    {
      "name": "RightHandIndex1",
      "parent": "RightHand",
      "local_matrix": [
        [
          1.0,
          -7.439695082211983e-08,
          1.0570508379714738e-07,
          0.010000069625675678
        ],
        [
          1.1920928955078125e-07,
          1.0,
          -1.2830956728961812e-14,
          0.06894850730895996
        ],
        [
          -1.0570508379714738e-07,
          1.980267485364104e-14,
          1.0,
          -1.2187111053663102e-07
        ],
        [
          0.0,
          0.0,
          0.0,
          1.0
        ]
      ]
    },
    {
      "name": "RightHandIndex2",
      "parent": "RightHandIndex1",
      "local_matrix": [
        [
          1.0,
          1.1179389503013226e-07,
          -4.656627083932108e-09,
          2.2028601165402506e-10
        ],
        [
          -1.1920928955078125e-07,
          1.0,
          1.870823205282323e-14,
          0.034976065158843994
        ],
        [
          4.656627083932108e-09,
          -1.793966146153899e-14,
          1.0,
          -1.6047549955544582e-09
        ],
        [
          0.0,
          0.0,
          0.0,
          1.0
        ]
      ]
    },
    {
      "name": "RightHandIndex3",
      "parent": "RightHandIndex2",
      "local_matrix": [
        [
          1.0,
          -6.206909120010096e-08,
          -3.818422555923462e-08,
          8.022027486731531e-11
        ],
        [
          -1.5389382276541888e-21,
          1.0,
          -1.08690285233453e-14,
          0.02257085032761097
        ],
        [
          3.818422555923462e-08,
          1.0249312114079742e-14,
          1.0,
          -1.651306869021596e-09
        ],
        [
          0.0,
          0.0,
          0.0,
          1.0
        ]
      ]
    },
    {
      "name": "RightHandIndex4",
      "parent": "RightHandIndex3",
      "local_matrix": [
        [
          1.0,
          5.148983461822354e-08,
          -1.071066435542889e-08,
          6.064979629627487e-10
        ],
        [
          7.062041353026011e-22,
          1.0,
          1.0846146775308173e-14,
          0.018087508156895638
        ],
        [
          1.071066435542889e-08,
          -1.0468485277313581e-14,
          1.0,
          -2.0331676342522087e-09
        ],
        [
          0.0,
          0.0,
          0.0,
          1.0
        ]
      ]
    },
    {
      "name": "RightHandThumb1",
      "parent": "RightHand",
      "local_matrix": [
        [
          0.7071073651313782,
          -0.7071061730384827,
          -3.0692871177961933e-07,
          -0.01499984785914421
        ],
        [
          0.7071060538291931,
          0.707107424736023,
          -5.731036480938201e-07,
          0.014737067744135857
        ],
        [
          6.222766728569695e-07,
          1.8821464209395344e-07,
          1.0,
          -1.1521673570769053e-07
        ],
        [
          0.0,
          0.0,
          0.0,
          1.0
        ]
      ]
    },
    {
      "name": "RightHandThumb2",
      "parent": "RightHandThumb1",
      "local_matrix": [
        [
          1.0000004768371582,
          -9.238685265700042e-07,
          -1.0744587598310318e-05,
          -4.501544026425108e-09
        ],
        [
          1.341104507446289e-06,
          1.0,
          -4.2780548028531484e-06,
          0.019018692895770073
        ],
        [
          1.0744592145783827e-05,
          4.278042979422025e-06,
          1.0,
          4.8328477220138666e-08
        ],
        [
          0.0,
          0.0,
          0.0,
          1.0
        ]
      ]
    },
    {
      "name": "RightHandThumb3",
      "parent": "RightHandThumb2",
      "local_matrix": [
        [
          0.999999463558197,
          1.043081283569336e-06,
          1.0253883374389261e-05,
          -1.7425918485969305e-09
        ],
        [
          -1.460308226342022e-06,
          0.9999998807907104,
          4.278041160432622e-06,
          0.027865348383784294
        ],
        [
          -1.0253876098431647e-05,
          -4.278052983863745e-06,
          1.0,
          3.994531994067074e-08
        ],
        [
          0.0,
          0.0,
          0.0,
          1.0
        ]
      ]
    },
    {
      "name": "RightHandThumb4",
      "parent": "RightHandThumb3",
      "local_matrix": [
        [
          1.000000238418579,
          -7.152557373046875e-07,
          -4.598115310727735e-08,
          -5.7558850130590145e-08
        ],
        [
          9.238719940185547e-07,
          1.0,
          -9.663381206337363e-13,
          0.05314532667398453
        ],
        [
          4.598098257702077e-08,
          9.094947017729282e-13,
          1.0,
          2.731080428475252e-08
        ],
        [
          0.0,
          0.0,
          0.0,
          1.0
        ]
      ]
    },
    {
      "name": "LeftShoulder",
      "parent": "Spine2",
      "local_matrix": [
        [
          1.1920928955078125e-07,
          1.0,
          9.975256298061508e-15,
          0.02821781486272812
        ],
        [
          -1.2916970604237576e-08,
          -9.000052866327529e-15,
          1.0000001192092896,
          0.053969383239746094
        ],
        [
          1.0000001192092896,
          -7.549791547489804e-08,
          -7.549785152605182e-08,
          -9.31321153530007e-09
        ],
        [
          0.0,
          0.0,
          0.0,
          1.0
        ]
      ]
    },
    {
      "name": "LeftArm",
      "parent": "LeftShoulder",
      "local_matrix": [
        [
          1.0,
          -2.235172757991677e-08,
          1.2566773932576325e-07,
          1.7763568394002505e-15
        ],
        [
          -1.488868960942547e-21,
          1.0,
          2.6903121657512186e-16,
          0.17358916997909546
        ],
        [
          -1.2566773932576325e-07,
          -2.953249827303793e-15,
          1.0,
          1.176836406102666e-14
        ],
        [
          0.0,
          0.0,
          0.0,
          1.0
        ]
      ]
    },
    {
      "name": "LeftForeArm",
      "parent": "LeftArm",
      "local_matrix": [
        [
          1.0,
          -7.450616124060616e-09,
          3.585594754440535e-08,
          -2.735879434112576e-07
        ],
        [
          -1.6169511943046169e-21,
          1.0,
          1.422000605916414e-15,
          0.2855249047279358
        ],
        [
          -3.585594754440535e-08,
          -1.920723440864379e-15,
          1.0,
          -3.576279254957626e-07
        ],
        [
          0.0,
          0.0,
          0.0,
          1.0
        ]
      ]
    },
    {
      "name": "LeftHand",
      "parent": "LeftForeArm",
      "local_matrix": [
        [
          0.9999999403953552,
          -3.539000204000331e-08,
          -3.95812662645767e-08,
          -2.1316282072803006e-14
        ],
        [
          1.1920928955078125e-07,
          0.9999999403953552,
          9.542032826858823e-15,
          0.26062914729118347
        ],
        [
          3.95812662645767e-08,
          -1.0392274334917323e-14,
          1.0,
          -5.1514348342607263e-14
        ],
        [
          0.0,
          0.0,
          0.0,
          1.0
        ]
      ]
    },
    {
      "name": "LeftHandPinky1",
      "parent": "LeftHand",
      "local_matrix": [
        [
          1.0,
          -6.700847166030144e-08,
          -3.352754163188365e-08,
          0.019999930635094643
        ],
        [
          1.192093463942001e-07,
          1.0,
          1.8054713946764542e-14,
          0.06377946585416794
        ],
        [
          3.3527527421028935e-08,
          -1.7024745599825836e-14,
          1.0,
          1.2429060802787717e-07
        ],
        [
          0.0,
          0.0,
          0.0,
          1.0
        ]
      ]
    },
    {
      "name": "LeftHandPinky2",
      "parent": "LeftHandPinky1",
      "local_matrix": [
        [
          1.0000001192092896,
          1.0232545122335068e-07,
          6.773595032427693e-06,
          3.608136012189789e-10
        ],
        [
          -2.3841693064241554e-07,
          1.0000001192092896,
          -6.743795438524103e-06,
          0.026904098689556122
        ],
        [
          -6.773594577680342e-06,
          6.743793164787348e-06,
          1.0,
          1.2362006884814036e-07
        ],
        [
          0.0,
          0.0,
          0.0,
          1.0
        ]
      ]
    },
    {
      "name": "LeftHandPinky3",
      "parent": "LeftHandPinky2",
      "local_matrix": [
        [
          1.0,
          1.05369039715697e-07,
          4.1294623542853515e-07,
          7.481872899006703e-10
        ],
        [
          -1.1921181908292056e-07,
          1.0,
          -3.8966388160588394e-07,
          0.017676878720521927
        ],
        [
          -4.1294606489827856e-07,
          3.896639100275934e-07,
          1.0,
          -3.2136028949025786e-08
        ],
        [
          0.0,
          0.0,
          0.0,
          1.0
        ]
      ]
    },
    {
      "name": "LeftHandPinky4",
      "parent": "LeftHandPinky3",
      "local_matrix": [
        [
          1.0,
          -1.1151308854095987e-07,
          7.124695457605412e-06,
          -3.8769959465057013e-10
        ],
        [
          1.1916029052372323e-07,
          1.0,
          -7.133454346330836e-06,
          0.01671130210161209
        ],
        [
          -7.1246945481107105e-06,
          7.133455255825538e-06,
          1.0,
          7.293010639841668e-11
        ],
        [
          0.0,
          0.0,
          0.0,
          1.0
        ]
      ]
    },
    {
      "name": "LeftHandRing1",
      "parent": "LeftHand",
      "local_matrix": [
        [
          1.0000001192092896,
          -1.2576337837799656e-07,
          -1.4901158351676713e-07,
          0.009999925270676613
        ],
        [
          -2.608536881854239e-21,
          1.0000001192092896,
          2.7774989610779982e-14,
          0.06877946853637695
        ],
        [
          1.4901156930591242e-07,
          -3.195252561345209e-14,
          1.0,
          1.2174992036761978e-07
        ],
        [
          0.0,
          0.0,
          0.0,
          1.0
        ]
      ]
    },
    {
      "name": "LeftHandRing2",
      "parent": "LeftHandRing1",
      "local_matrix": [
        [
          1.0,
          -8.261081774207923e-08,
          -5.00173064210685e-06,
          -6.443912070608349e-10
        ],
        [
          1.1920894849026809e-07,
          1.0,
          4.964478648616932e-06,
          0.034952517598867416
        ],
        [
          5.001730187359499e-06,
          -4.964479103364283e-06,
          1.0,
          1.0505578629249612e-09
        ],
        [
          0.0,
          0.0,
          0.0,
          1.0
        ]
      ]
    },
    {
      "name": "LeftHandRing3",
      "parent": "LeftHandRing2",
      "local_matrix": [
        [
          1.0,
          4.784912022159915e-08,
          1.1356911272741854e-05,
          6.675406893918989e-10
        ],
        [
          5.6912290852251246e-11,
          1.0,
          -1.1391606676625088e-05,
          0.02401241846382618
        ],
        [
          -1.1356911272741854e-05,
          1.1391606676625088e-05,
          1.0,
          6.91981583145207e-09
        ],
        [
          0.0,
          0.0,
          0.0,
          1.0
        ]
      ]
    },
    {
      "name": "LeftHandRing4",
      "parent": "LeftHandRing3",
      "local_matrix": [
        [
          1.0,
          -5.021194837695475e-08,
          -5.588053131333481e-09,
          1.46116008181707e-10
        ],
        [
          1.083855227790309e-14,
          1.0,
          -3.4359884729107115e-14,
          0.018547846004366875
        ],
        [
          5.5879105786971195e-09,
          -4.5167862505746115e-13,
          1.0,
          -8.004098361880096e-08
        ],
        [
          0.0,
          0.0,
          0.0,
          1.0
        ]
      ]
    },
    {
      "name": "LeftHandMiddle1",
      "parent": "LeftHand",
      "local_matrix": [
        [
          1.0000001192092896,
          1.4901218037266517e-08,
          -8.195634393359796e-08,
          -3.9674930008004594e-08
        ],
        [
          -1.1920930376163597e-07,
          1.0000001192092896,
          5.444776912861583e-15,
          0.06877946853637695
        ],
        [
          8.195632972274325e-08,
          3.7859357304975e-15,
          1.0,
          1.1920923981278975e-07
        ],
        [
          0.0,
          0.0,
          0.0,
          1.0
        ]
      ]
    },
    {
      "name": "LeftHandMiddle2",
      "parent": "LeftHandMiddle1",
      "local_matrix": [
        [
          1.0,
          2.0489125063249958e-08,
          -9.313225746154785e-10,
          7.105427357601002e-15
        ],
        [
          1.9385465360546247e-22,
          1.0,
          -3.5134774186177872e-15,
          0.039045751094818115
        ],
        [
          9.313225746154785e-10,
          3.5264302464472e-15,
          1.0,
          -3.4638958368304884e-14
        ],
        [
          0.0,
          0.0,
          0.0,
          1.0
        ]
      ]
    },
    {
      "name": "LeftHandMiddle3",
      "parent": "LeftHandMiddle2",
      "local_matrix": [
        [
          1.0,
          -1.1279015055265518e-08,
          6.2450303630612325e-06,
          -1.4210854715202004e-14
        ],
        [
          1.6058265828178264e-12,
          1.0,
          -6.154736183816567e-06,
          0.02347397804260254
        ],
        [
          -6.245029908313882e-06,
          6.154736183816567e-06,
          1.0,
          -3.730349362740526e-14
        ],
        [
          0.0,
          0.0,
          0.0,
          1.0
        ]
      ]
    },
    {
      "name": "LeftHandMiddle4",
      "parent": "LeftHandMiddle3",
      "local_matrix": [
        [
          1.0,
          1.630285351161831e-09,
          1.8161436798891373e-08,
          4.689582056016661e-13
        ],
        [
          3.788636071533347e-15,
          1.0,
          1.4270144311004374e-13,
          0.019368695095181465
        ],
        [
          -1.8161069093025617e-08,
          1.7196666183064147e-13,
          1.0,
          -4.719705515299211e-08
        ],
        [
          0.0,
          0.0,
          0.0,
          1.0
        ]
      ]
    },
    {
      "name": "LeftHandIndex1",
      "parent": "LeftHand",
      "local_matrix": [
        [
          1.0000001192092896,
          -1.9525359107319673e-08,
          -2.6542636533122277e-08,
          -0.010000080801546574
        ],
        [
          -1.1920930376163597e-07,
          1.0000001192092896,
          7.036495816353447e-15,
          0.06877940893173218
        ],
        [
          2.6542636533122277e-08,
          -4.960780592734582e-15,
          1.0,
          1.16668545047105e-07
        ],
        [
          0.0,
          0.0,
          0.0,
          1.0
        ]
      ]
    },
    {
      "name": "LeftHandIndex2",
      "parent": "LeftHandIndex1",
      "local_matrix": [
        [
          1.0,
          -5.327902563578846e-09,
          5.356957444746513e-06,
          -7.457288120349403e-10
        ],
        [
          1.5205614545266144e-12,
          1.0,
          -5.297353709465824e-06,
          0.03487759828567505
        ],
        [
          -5.356957899493864e-06,
          5.297353709465824e-06,
          1.0,
          -2.275308608190585e-09
        ],
        [
          0.0,
          0.0,
          0.0,
          1.0
        ]
      ]
    },
    {
      "name": "LeftHandIndex3",
      "parent": "LeftHandIndex2",
      "local_matrix": [
        [
          1.0,
          1.064594812305586e-08,
          1.2302200502745109e-06,
          2.3888446776254568e-11
        ],
        [
          -6.676322689136427e-12,
          1.0,
          -1.3112452279528952e-06,
          0.022503577172756195
        ],
        [
          -1.2302200502745109e-06,
          1.311245341639733e-06,
          1.0,
          -3.721445551718716e-08
        ],
        [
          0.0,
          0.0,
          0.0,
          1.0
        ]
      ]
    },
    {
      "name": "LeftHandIndex4",
      "parent": "LeftHandIndex3",
      "local_matrix": [
        [
          1.0,
          -5.15853315619097e-08,
          -6.556444532179739e-06,
          1.7105605820688652e-10
        ],
        [
          1.1925125420475524e-07,
          1.0,
          6.608599051105557e-06,
          0.018038488924503326
        ],
        [
          6.5564440774323884e-06,
          -6.608599505852908e-06,
          1.0,
          -3.611731358432735e-09
        ],
        [
          0.0,
          0.0,
          0.0,
          1.0
        ]
      ]
    },
    {
      "name": "LeftHandThumb1",
      "parent": "LeftHand",
      "local_matrix": [
        [
          0.7071079015731812,
          0.7071059346199036,
          1.2454753672841434e-08,
          0.014999864622950554
        ],
        [
          -0.7071067094802856,
          0.7071078419685364,
          -2.6652267592908174e-07,
          0.014694925397634506
        ],
        [
          -1.972667575955711e-07,
          1.7965344056847243e-07,
          1.0,
          1.230202428814664e-07
        ],
        [
          0.0,
          0.0,
          0.0,
          1.0
        ]
      ]
    },
    {
      "name": "LeftHandThumb2",
      "parent": "LeftHandThumb1",
      "local_matrix": [
        [
          0.9999999403953552,
          1.4603137969970703e-06,
          -1.1883440720339422e-07,
          1.5510238426941214e-08
        ],
        [
          -1.3709068298339844e-06,
          1.0,
          -4.4053636064599055e-13,
          0.01896497793495655
        ],
        [
          1.1883450667937723e-07,
          5.542233338928781e-13,
          1.0,
          3.9151302644313546e-08
        ],
        [
          0.0,
          0.0,
          0.0,
          1.0
        ]
      ]
    },
    {
      "name": "LeftHandThumb3",
      "parent": "LeftHandThumb2",
      "local_matrix": [
        [
          0.9999994039535522,
          -4.1723194499354577e-07,
          -5.4990518947306555e-06,
          -1.299429186474299e-08
        ],
        [
          9.238719940185547e-07,
          0.9999998807907104,
          2.249543285870459e-06,
          0.027784425765275955
        ],
        [
          5.499053258972708e-06,
          -2.2495480607176432e-06,
          1.0,
          -1.723377351936506e-08
        ],
        [
          0.0,
          0.0,
          0.0,
          1.0
        ]
      ]
    },
    {
      "name": "LeftHandThumb4",
      "parent": "LeftHandThumb3",
      "local_matrix": [
        [
          0.9999998807907104,
          7.748603820800781e-07,
          5.365107881516451e-06,
          2.2370841179508716e-08
        ],
        [
          -6.556508083122026e-07,
          1.0,
          -2.2495487428386696e-06,
          0.052992552518844604
        ],
        [
          -5.365107881516451e-06,
          2.2495435132441344e-06,
          1.0,
          5.979923400900589e-08
        ],
        [
          0.0,
          0.0,
          0.0,
          1.0
        ]
      ]
    },
    {
      "name": "Neck",
      "parent": "Spine2",
      "local_matrix": [
        [
          1.0,
          3.398558873515463e-29,
          -3.747707402941333e-29,
          -1.240766678702176e-24
        ],
        [
          -2.8192183823115693e-29,
          1.0000001192092896,
          -1.1920930376163597e-07,
          0.1150139570236206
        ],
        [
          3.4183499101799183e-29,
          -7.450509542650252e-09,
          1.0000001192092896,
          -1.3602802084733412e-07
        ],
        [
          0.0,
          0.0,
          0.0,
          1.0
        ]
      ]
    },
    {
      "name": "Head",
      "parent": "Neck",
      "local_matrix": [
        [
          1.0,
          1.5881856401421096e-22,
          -1.5881858925775993e-22,
          -1.757206599041529e-22
        ],
        [
          -1.5881856401421096e-22,
          1.0,
          0.0,
          0.11829566955566406
        ],
        [
          1.5881858925775993e-22,
          1.490111856128351e-08,
          1.0,
          -7.711884819627812e-08
        ],
        [
          0.0,
          0.0,
          0.0,
          1.0
        ]
      ]
    },
    {
      "name": "HeadTop_End",
      "parent": "Head",
      "local_matrix": [
        [
          1.0,
          -1.323487717907396e-22,
          -7.940939560307583e-23,
          1.3234916306574858e-22
        ],
        [
          1.323487717907396e-22,
          1.0,
          0.0,
          0.02609121799468994
        ],
        [
          7.940940191396307e-23,
          1.4901232248121232e-08,
          1.0,
          8.568166975919667e-08
        ],
        [
          0.0,
          0.0,
          0.0,
          1.0
        ]
      ]
    }
  ]
}